4294967279,265
4294967294,50
4294967278,132
4294967278,125
4294967278,122
4294967278,121
4294967278,120
4294967278,119
4294967278,118
4294967278,115
4294967278,114
4294967278,113
4294967278,112
4294967278,233
4294967278,111
4294967278,110
4294967278,109
4294967278,108
4294967278,225
4294967278,107
4294967278,106
4294967278,105
4294967278,104
4294967278,217
4294967278,103
4294967278,102
4294967278,101
4294967278,100
4294967278,99
4294967278,98
4294967278,97
4294967278,96
4294967278,95
4294967278,94
4294967278,93
4294967278,92
4294967278,91
4294967278,90
4294967278,89
4294967278,87
4294967278,86
4294967278,85
4294967278,84
4294967278,83
4294967278,82
4294967278,81
4294967278,80
4294967278,79
4294967278,78
4294967278,77
4294967278,76
4294967278,75
4294967278,74
4294967278,73
4294967278,72
4294967278,71
4294967278,70
4294967278,69
4294967278,68
4294967278,67
4294967278,66
4294967278,65
4294967278,64
4294967278,63
4294967278,62
4294967278,61
4294967278,60
4294967278,59
4294967278,58
4294967278,57
4294967278,56
4294967278,55
4294967278,54
4294967278,53
4294967278,52
4294967278,51
4294967278,50
4294967278,49
4294967278,48
4294967278,47
4294967278,46
4294967278,45
4294967278,44
4294967278,43
4294967278,42
4294967278,41
4294967278,40
4294967278,39
4294967278,38
4294967278,37
4294967278,36
4294967278,35
4294967278,34
4294967279,25
4294967279,24
4294967279,23
4294967279,22
4294967279,21
4294967279,20
4294967279,19
4294967279,18
4294967279,17
4294967279,16
4294967279,15
4294967279,14
4294967279,13
4294967279,12
4294967279,10
4294967279,8
4294967279,7
4294967279,6
4294967279,282
4294967294,18
4294967294,127
4294967294,14
4294967294,126
4294967294,20
4294967294,13
4294967279,11
4294967279,279
4294967294,97
4294967294,198
4294967294,197
4294967294,196
4294967294,194
4294967294,193
4294967294,192
4294967294,1014
4294967294,1012
4294967294,1011
4294967294,1010
4294967294,1008
4294967294,1006
4294967294,1005
4294967294,999
4294967294,998
4294967294,1002
4294967294,997
4294967294,1004
4294967294,436
4294967279,261
4294967279,259
62,6
62,5
4294967279,258
62,4
62,3
62,2
62,1
4294967279,257
4294967294,154
4294967278,262
4294967279,256
4294967278,281
4294967279,255
4294967278,259
61,5
4294967279,516
61,4
4294967278,258
61,3
61,2
61,1
4294967279,515
4294967278,327
4294967279,514
4294967278,326
4294967278,372
60,5
4294967279,512
60,4
4294967278,324
60,3
60,2
60,1
4294967279,319
4294967278,323
4294967279,318
4294967278,322
4294967279,317
4294967278,255
59,5
4294967279,316
59,4
4294967278,321
59,3
59,2
59,1
4294967278,254
4294967279,251
4294967278,253
4294967278,250
58,5
4294967279,249
58,4
4294967278,248
58,3
58,2
58,1
4294967278,246
4294967294,200
4294967279,246
4294967278,244
4294967278,242
57,4
4294967279,242
57,3
57,2
57,1
4294967278,240
4294967278,238
4294967279,238
4294967278,237
56,6
4294967278,236
56,5
4294967279,236
56,4
4294967278,234
56,3
56,2
56,1
4294967294,37
4294967294,42
4294967294,40
4294967294,39
4294967294,44
4294967294,43
4294967294,418
4294967294,414
4294967294,150
4294967294,420
4294967294,178
4294967294,407
4294967294,1016
4294967294,403
4294967294,168
4294967294,411
4294967294,419
4294967294,417
4294967294,160
4294967294,463
4294967279,230
4294967278,228
55,5
55,4
55,3
55,2
55,1
4294967294,393
4294967294,161
4294967294,421
4294967294,190
4294967294,1001
4294967294,1013
54,4
54,3
54,2
54,1
4294967279,219
4294967279,217
53,8
53,7
53,6
53,5
53,4
53,3
53,2
53,1
4294967278,371
4294967278,370
52,4
52,3
52,2
52,1
4294967278,369
4294967294,416
4294967294,76
4294967294,1417
4294967294,52
4294967279,203
4294967278,368
4294967279,565
4294967279,310
51,5
4294967279,202
4294967279,201
51,4
51,3
51,2
51,1
4294967278,367
4294967279,200
4294967294,84
4294967294,82
4294967294,83
4294967278,131
4294967278,130
4294967278,129
4294967279,9
4294967279,5
4294967279,4
4294967279,564
4294967278,366
4294967279,563
4294967279,308
4294967278,365
4294967278,364
4294967279,562
4294967279,561
4294967294,91
4294967294,90
4294967294,87
4294967294,85
4294967294,165
4294967294,166
4294967278,363
4294967278,362
4294967279,307
4294967278,361
4294967278,311
4294967279,306
4294967279,560
4294967278,360
4294967278,359
4294967279,559
4294967278,309
4294967278,310
4294967279,305
4294967294,469
4294967279,304
4294967294,128
4294967294,186
4294967278,308
4294967278,184
4294967279,303
4294967278,358
4294967278,307
4294967279,558
4294967279,557
4294967294,1017
4294967294,394
4294967294,24
4294967294,471
4294967278,357
4294967278,356
4294967279,556
4294967279,555
4294967278,178
4294967278,355
4294967279,302
4294967278,354
4294967278,353
4294967279,554
4294967279,553
4294967294,388
4294967294,46
4294967294,2
4294967294,38
4294967294,424
4294967278,352
4294967294,8
4294967278,351
4294967278,0
4294967279,552
4294967294,22
4294967294,36
4294967294,1415
4294967294,203
4294967279,301
4294967278,306
4294967294,6
4294967278,128
4294967278,127
4294967278,126
4294967278,124
4294967278,320
4294967278,123
4294967278,243
4294967278,117
4294967278,241
4294967278,116
4294967279,315
4294967279,314
4294967279,313
4294967279,59
4294967279,58
4294967279,57
4294967279,55
4294967279,54
4294967279,53
4294967279,51
4294967279,50
4294967279,49
